23
1 1
2 1
3 1
4 1
5 1
6 1
7 1
8 1
9 1
10 1
11 1
12 1
13 1
14 1
15 1
16 1
17 2
18 2
23 0
78 0
85 0
172 0
208 0
53
1 17 -7.20246
2 17 -2.73733
3 17 -4.77913
4 17 -1.97641
5 17 -4.09023
6 17 -3.19206
7 17 -6.26293
8 17 1.9156
10 17 0.111544
11 17 -4.93998
12 17 -0.45649
13 17 0.60902
14 17 -3.6028
15 17 0.651036
16 17 -5.16682
1 18 1.71433
2 18 -2.91275
3 18 -4.19753
4 18 0.0872073
5 18 -0.334699
6 18 0.185552
7 18 0.707514
8 18 -2.19231
10 18 0.116711
11 18 1.4273
12 18 -1.97695
13 18 -0.833163
15 18 0.926136
16 18 2.73621
18 17 1.62716
14 23 -1.19232
23 18 -3.90243
5 23 -1.56936
11 23 -0.278446
10 23 -4.19772
9 78 -1.07818
78 18 -2.7256
85 17 0.256463
23 17 0.141213
3 23 0.19264
16 85 -1.6932
8 172 1
172 85 -1.31685
9 172 -0.35569
78 208 1
208 85 0.238533
23 208 -0.239503
16 23 -0.144394
3 172 0.0976127
13 85 0.913926
14 208 0.1754
11 78 0.709342
1 85 -0.108815
